0 0
3.08414e-05 2.42233e-07
0.000123352 1.93777e-06
0.000277493 6.53948e-06
0.000493196 1.54993e-05
0.000770369 3.02679e-05
0.00110889 5.22941e-05
0.00150862 8.30244e-05
0.00196938 0.000123903
0.00249097 0.00017637
0.00307316 0.000241863
0.00371571 0.000321816
0.00441834 0.000417656
0.00518074 0.000530808
0.00600257 0.00066269
0.0068835 0.000814716
0.00782312 0.00098829
0.00882104 0.00118481
0.00987681 0.00140568
0.01099 0.00165227
0.0121601 0.00192597
0.0133866 0.00222814
0.0146689 0.00256014
0.0160066 0.00292333
0.017399 0.00331904
0.0188455 0.00374861
0.0203455 0.00421335
0.0218983 0.00471458
0.0235032 0.0052536
0.0251596 0.00583168
0.0268667 0.00645011
0.0286237 0.00711015
0.0304298 0.00781305
0.0322843 0.00856004
0.0341864 0.00935234
0.0361352 0.0101912
0.0381297 0.0110777
0.0401692 0.0120131
0.0422527 0.0129986
0.0443793 0.0140353
0.046548 0.0151244
0.0487579 0.0162669
0.0510079 0.0174639
0.053297 0.0187166
0.0556241 0.0200259
0.0579884 0.021393
0.0603885 0.0228189
0.0628235 0.0243046
0.0652922 0.025851
0.0677934 0.0274592
0.0703261 0.02913
0.0728891 0.0308645
0.0754811 0.0326636
0.0781009 0.034528
0.0807473 0.0364588
0.0834191 0.0384568
0.0861151 0.0405227
0.0888338 0.0426574
0.091574 0.0448617
0.0943345 0.0471363
0.0971139 0.049482
0.0999108 0.0518995
0.102724 0.0543895
0.105552 0.0569527
0.108393 0.0595897
0.111247 0.0623012
0.114111 0.0650877
0.116984 0.0679498
0.119865 0.0708881
0.122753 0.0739031
0.125645 0.0769953
0.128541 0.0801652
0.131438 0.0834133
0.134336 0.0867399
0.137233 0.0901455
0.140128 0.0936305
0.143018 0.0971951
0.145903 0.10084
0.148781 0.104565
0.15165 0.108371
0.154508 0.112257
0.157355 0.116225
0.160189 0.120273
0.163008 0.124404
0.16581 0.128615
0.168594 0.132909
0.171359 0.137284
0.174102 0.141741
0.176823 0.14628
0.179519 0.150901
0.182189 0.155604
0.184831 0.160388
0.187444 0.165255
0.190027 0.170202
0.192577 0.175232
0.195093 0.180342
0.197573 0.185534
0.200017 0.190806
0.202421 0.19616
0.204785 0.201593
0.207107 0.207107
0.209385 0.2127
0.211618 0.218373
0.213804 0.224125
0.215942 0.229955
0.21803 0.235864
0.220067 0.24185
0.22205 0.247914
0.223978 0.254054
0.225851 0.26027
0.227665 0.266562
0.22942 0.272929
0.231115 0.27937
0.232746 0.285884
0.234314 0.292472
0.235817 0.299132
0.237252 0.305863
0.238619 0.312666
0.239916 0.319538
0.241141 0.326479
0.242294 0.333489
0.243372 0.340566
0.244374 0.347709
0.245299 0.354919
0.246146 0.362192
0.246912 0.36953
0.247597 0.37693
0.248199 0.384392
0.248716 0.391914
0.249149 0.399496
0.249494 0.407137
0.249751 0.414835
0.249918 0.422589
0.249995 0.430398
0.249979 0.438261
0.249871 0.446176
0.249667 0.454143
0.249368 0.46216
0.248972 0.470225
0.248477 0.478339
0.247883 0.486498
0.247189 0.494702
0.246393 0.50295
0.245494 0.51124
0.244491 0.51957
0.243384 0.52794
0.24217 0.536348
0.24085 0.544792
0.239421 0.55327
0.237884 0.561782
0.236237 0.570326
0.234479 0.5789
0.232609 0.587503
0.230626 0.596133
0.22853 0.604788
0.22632 0.613467
0.223995 0.622169
0.221553 0.630891
0.218995 0.639632
0.216319 0.64839
0.213525 0.657164
0.210613 0.665952
0.207581 0.674751
0.204428 0.683561
0.201155 0.69238
0.197761 0.701206
0.194244 0.710037
0.190605 0.718871
0.186843 0.727706
0.182958 0.736542
0.178949 0.745375
0.174815 0.754204
0.170557 0.763027
0.166173 0.771843
0.161665 0.780649
0.15703 0.789444
0.15227 0.798225
0.147383 0.806991
0.142369 0.81574
0.13723 0.824471
0.131963 0.83318
0.126569 0.841866
0.121048 0.850528
0.1154 0.859163
0.109625 0.86777
0.103722 0.876346
0.0976927 0.884889
0.0915359 0.893398
0.0852519 0.901871
0.078841 0.910306
0.0723033 0.9187
0.0656388 0.927052
0.0588479 0.93536
0.0519307 0.943622
0.0448874 0.951836
0.0377185 0.959999
0.0304241 0.968111
0.0230047 0.976169
0.0154606 0.984171
0.00779222 0.992115
6.12323e-17 1
-0.00791558 1.00782
-0.015954 1.01558
-0.0241148 1.02328
-0.0323974 1.0309
-0.0408011 1.03846
-0.0493255 1.04594
-0.0579697 1.05336
-0.0667332 1.06069
-0.0756152 1.06795
-0.0846149 1.07513
-0.0937317 1.08223
-0.102965 1.08925
-0.112313 1.09619
-0.121776 1.10303
-0.131352 1.10979
-0.141042 1.11646
-0.150843 1.12304
-0.160754 1.12952
-0.170776 1.13591
-0.180906 1.1422
-0.191144 1.14839
-0.201489 1.15448
-0.211939 1.16047
-0.222493 1.16635
-0.233151 1.17213
-0.24391 1.1778
-0.25477 1.18336
-0.26573 1.18881
-0.276787 1.19414
-0.287942 1.19937
-0.299192 1.20447
-0.310537 1.20946
-0.321974 1.21433
-0.333502 1.21908
-0.34512 1.2237
-0.356827 1.22821
-0.368621 1.23258
-0.3805 1.23683
-0.392463 1.24096
-0.404508 1.24495
-0.416635 1.24881
-0.42884 1.25254
-0.441123 1.25613
-0.453481 1.25959
-0.465914 1.26292
-0.478419 1.2661
-0.490995 1.26915
-0.50364 1.27205
-0.516352 1.27481
-0.52913 1.27743
-0.541971 1.27991
-0.554874 1.28224
-0.567837 1.28442
-0.580858 1.28646
-0.593936 1.28835
-0.607067 1.29008
-0.620251 1.29167
-0.633486 1.29311
-0.646769 1.29439
-0.660098 1.29552
-0.673472 1.29649
-0.686888 1.29731
-0.700345 1.29797
-0.71384 1.29847
-0.727372 1.29882
-0.740938 1.299
-0.754536 1.29903
-0.768165 1.2989
-0.781821 1.2986
-0.795503 1.29814
-0.809209 1.29752
-0.822937 1.29674
-0.836684 1.2958
-0.850449 1.29468
-0.864229 1.29341
-0.878021 1.29197
-0.891824 1.29036
-0.905636 1.28859
-0.919454 1.28665
-0.933277 1.28455
-0.947101 1.28227
-0.960925 1.27983
-0.974746 1.27722
-0.988562 1.27445
-1.00237 1.2715
-1.01617 1.26839
-1.02996 1.26511
-1.04373 1.26166
-1.05749 1.25804
-1.07123 1.25425
-1.08495 1.25029
-1.09865 1.24617
-1.11232 1.24187
-1.12596 1.23741
-1.13957 1.23278
-1.15315 1.22798
-1.1667 1.22301
-1.18021 1.21788
-1.19368 1.21258
-1.20711 1.20711
-1.22049 1.20147
-1.23383 1.19567
-1.24712 1.1897
-1.26036 1.18356
-1.27355 1.17726
-1.28669 1.17079
-1.29976 1.16416
-1.31278 1.15737
-1.32573 1.15041
-1.33862 1.14329
-1.35145 1.13601
-1.3642 1.12857
-1.37689 1.12096
-1.3895 1.1132
-1.40204 1.10528
-1.4145 1.0972
-1.42688 1.08896
-1.43918 1.08057
-1.4514 1.07202
-1.46353 1.06331
-1.47557 1.05446
-1.48752 1.04545
-1.49938 1.03628
-1.51114 1.02697
-1.52281 1.01751
-1.53438 1.0079
-1.54585 0.998143
-1.55722 0.98824
-1.56848 0.978193
-1.57964 0.968002
-1.59068 0.957669
-1.60162 0.947195
-1.61244 0.936581
-1.62315 0.92583
-1.63375 0.914941
-1.64422 0.903918
-1.65457 0.89276
-1.66481 0.88147
-1.67492 0.870049
-1.6849 0.858499
-1.69475 0.846821
-1.70448 0.835017
-1.71408 0.823088
-1.72354 0.811036
-1.73287 0.798863
-1.74206 0.78657
-1.75111 0.774159
-1.76003 0.761632
-1.7688 0.748991
-1.77743 0.736237
-1.78592 0.723372
-1.79426 0.710398
-1.80245 0.697317
-1.8105 0.684131
-1.81839 0.670841
-1.82614 0.65745
-1.83373 0.643959
-1.84116 0.630371
-1.84844 0.616687
-1.85557 0.60291
-1.86253 0.589041
-1.86933 0.575082
-1.87598 0.561036
-1.88246 0.546905
-1.88878 0.53269
-1.89493 0.518394
-1.90092 0.504019
-1.90674 0.489567
-1.91239 0.47504
-1.91787 0.460441
-1.92319 0.445771
-1.92833 0.431033
-1.9333 0.416229
-1.9381 0.401361
-1.94273 0.386432
-1.94718 0.371444
-1.95145 0.356398
-1.95555 0.341298
-1.95947 0.326146
-1.96322 0.310943
-1.96678 0.295693
-1.97017 0.280397
-1.97338 0.265058
-1.97641 0.249678
-1.97925 0.23426
-1.98192 0.218806
-1.9844 0.203318
-1.98671 0.187799
-1.98883 0.172251
-1.99076 0.156676
-1.99251 0.141078
-1.99408 0.125457
-1.99547 0.109817
-1.99667 0.0941606
-1.99769 0.0784894
-1.99852 0.062806
-1.99917 0.047113
-1.99963 0.0314127
-1.99991 0.0157076
-2 2.44929e-16
-1.99991 -0.0157076
-1.99963 -0.0314127
-1.99917 -0.047113
-1.99852 -0.062806
-1.99769 -0.0784894
-1.99667 -0.0941606
-1.99547 -0.109817
-1.99408 -0.125457
-1.99251 -0.141078
-1.99076 -0.156676
-1.98883 -0.172251
-1.98671 -0.187799
-1.9844 -0.203318
-1.98192 -0.218806
-1.97925 -0.23426
-1.97641 -0.249678
-1.97338 -0.265058
-1.97017 -0.280397
-1.96678 -0.295693
-1.96322 -0.310943
-1.95947 -0.326146
-1.95555 -0.341298
-1.95145 -0.356398
-1.94718 -0.371444
-1.94273 -0.386432
-1.9381 -0.401361
-1.9333 -0.416229
-1.92833 -0.431033
-1.92319 -0.445771
-1.91787 -0.460441
-1.91239 -0.47504
-1.90674 -0.489567
-1.90092 -0.504019
-1.89493 -0.518394
-1.88878 -0.53269
-1.88246 -0.546905
-1.87598 -0.561036
-1.86933 -0.575082
-1.86253 -0.589041
-1.85557 -0.60291
-1.84844 -0.616687
-1.84116 -0.630371
-1.83373 -0.643959
-1.82614 -0.65745
-1.81839 -0.670841
-1.8105 -0.684131
-1.80245 -0.697317
-1.79426 -0.710398
-1.78592 -0.723372
-1.77743 -0.736237
-1.7688 -0.748991
-1.76003 -0.761632
-1.75111 -0.774159
-1.74206 -0.78657
-1.73287 -0.798863
-1.72354 -0.811036
-1.71408 -0.823088
-1.70448 -0.835017
-1.69475 -0.846821
-1.6849 -0.858499
-1.67492 -0.870049
-1.66481 -0.88147
-1.65457 -0.89276
-1.64422 -0.903918
-1.63375 -0.914941
-1.62315 -0.92583
-1.61244 -0.936581
-1.60162 -0.947195
-1.59068 -0.957669
-1.57964 -0.968002
-1.56848 -0.978193
-1.55722 -0.98824
-1.54585 -0.998143
-1.53438 -1.0079
-1.52281 -1.01751
-1.51114 -1.02697
-1.49938 -1.03628
-1.48752 -1.04545
-1.47557 -1.05446
-1.46353 -1.06331
-1.4514 -1.07202
-1.43918 -1.08057
-1.42688 -1.08896
-1.4145 -1.0972
-1.40204 -1.10528
-1.3895 -1.1132
-1.37689 -1.12096
-1.3642 -1.12857
-1.35145 -1.13601
-1.33862 -1.14329
-1.32573 -1.15041
-1.31278 -1.15737
-1.29976 -1.16416
-1.28669 -1.17079
-1.27355 -1.17726
-1.26036 -1.18356
-1.24712 -1.1897
-1.23383 -1.19567
-1.22049 -1.20147
-1.20711 -1.20711
-1.19368 -1.21258
-1.18021 -1.21788
-1.1667 -1.22301
-1.15315 -1.22798
-1.13957 -1.23278
-1.12596 -1.23741
-1.11232 -1.24187
-1.09865 -1.24617
-1.08495 -1.25029
-1.07123 -1.25425
-1.05749 -1.25804
-1.04373 -1.26166
-1.02996 -1.26511
-1.01617 -1.26839
-1.00237 -1.2715
-0.988562 -1.27445
-0.974746 -1.27722
-0.960925 -1.27983
-0.947101 -1.28227
-0.933277 -1.28455
-0.919454 -1.28665
-0.905636 -1.28859
-0.891824 -1.29036
-0.878021 -1.29197
-0.864229 -1.29341
-0.850449 -1.29468
-0.836684 -1.2958
-0.822937 -1.29674
-0.809209 -1.29752
-0.795503 -1.29814
-0.781821 -1.2986
-0.768165 -1.2989
-0.754536 -1.29903
-0.740938 -1.299
-0.727372 -1.29882
-0.71384 -1.29847
-0.700345 -1.29797
-0.686888 -1.29731
-0.673472 -1.29649
-0.660098 -1.29552
-0.646769 -1.29439
-0.633486 -1.29311
-0.620251 -1.29167
-0.607067 -1.29008
-0.593936 -1.28835
-0.580858 -1.28646
-0.567837 -1.28442
-0.554874 -1.28224
-0.541971 -1.27991
-0.52913 -1.27743
-0.516352 -1.27481
-0.50364 -1.27205
-0.490995 -1.26915
-0.478419 -1.2661
-0.465914 -1.26292
-0.453481 -1.25959
-0.441123 -1.25613
-0.42884 -1.25254
-0.416635 -1.24881
-0.404508 -1.24495
-0.392463 -1.24096
-0.3805 -1.23683
-0.368621 -1.23258
-0.356827 -1.22821
-0.34512 -1.2237
-0.333502 -1.21908
-0.321974 -1.21433
-0.310537 -1.20946
-0.299192 -1.20447
-0.287942 -1.19937
-0.276787 -1.19414
-0.26573 -1.18881
-0.25477 -1.18336
-0.24391 -1.1778
-0.233151 -1.17213
-0.222493 -1.16635
-0.211939 -1.16047
-0.201489 -1.15448
-0.191144 -1.14839
-0.180906 -1.1422
-0.170776 -1.13591
-0.160754 -1.12952
-0.150843 -1.12304
-0.141042 -1.11646
-0.131352 -1.10979
-0.121776 -1.10303
-0.112313 -1.09619
-0.102965 -1.08925
-0.0937317 -1.08223
-0.0846149 -1.07513
-0.0756152 -1.06795
-0.0667332 -1.06069
-0.0579697 -1.05336
-0.0493255 -1.04594
-0.0408011 -1.03846
-0.0323974 -1.0309
-0.0241148 -1.02328
-0.015954 -1.01558
-0.00791558 -1.00782
-1.83697e-16 -1
0.00779222 -0.992115
0.0154606 -0.984171
0.0230047 -0.976169
0.0304241 -0.968111
0.0377185 -0.959999
0.0448874 -0.951836
0.0519307 -0.943622
0.0588479 -0.93536
0.0656388 -0.927052
0.0723033 -0.9187
0.078841 -0.910306
0.0852519 -0.901871
0.0915359 -0.893398
0.0976927 -0.884889
0.103722 -0.876346
0.109625 -0.86777
0.1154 -0.859163
0.121048 -0.850528
0.126569 -0.841866
0.131963 -0.83318
0.13723 -0.824471
0.142369 -0.81574
0.147383 -0.806991
0.15227 -0.798225
0.15703 -0.789444
0.161665 -0.780649
0.166173 -0.771843
0.170557 -0.763027
0.174815 -0.754204
0.178949 -0.745375
0.182958 -0.736542
0.186843 -0.727706
0.190605 -0.718871
0.194244 -0.710037
0.197761 -0.701206
0.201155 -0.69238
0.204428 -0.683561
0.207581 -0.674751
0.210613 -0.665952
0.213525 -0.657164
0.216319 -0.64839
0.218995 -0.639632
0.221553 -0.630891
0.223995 -0.622169
0.22632 -0.613467
0.22853 -0.604788
0.230626 -0.596133
0.232609 -0.587503
0.234479 -0.5789
0.236237 -0.570326
0.237884 -0.561782
0.239421 -0.55327
0.24085 -0.544792
0.24217 -0.536348
0.243384 -0.52794
0.244491 -0.51957
0.245494 -0.51124
0.246393 -0.50295
0.247189 -0.494702
0.247883 -0.486498
0.248477 -0.478339
0.248972 -0.470225
0.249368 -0.46216
0.249667 -0.454143
0.249871 -0.446176
0.249979 -0.438261
0.249995 -0.430398
0.249918 -0.422589
0.249751 -0.414835
0.249494 -0.407137
0.249149 -0.399496
0.248716 -0.391914
0.248199 -0.384392
0.247597 -0.37693
0.246912 -0.36953
0.246146 -0.362192
0.245299 -0.354919
0.244374 -0.347709
0.243372 -0.340566
0.242294 -0.333489
0.241141 -0.326479
0.239916 -0.319538
0.238619 -0.312666
0.237252 -0.305863
0.235817 -0.299132
0.234314 -0.292472
0.232746 -0.285884
0.231115 -0.27937
0.22942 -0.272929
0.227665 -0.266562
0.225851 -0.26027
0.223978 -0.254054
0.22205 -0.247914
0.220067 -0.24185
0.21803 -0.235864
0.215942 -0.229955
0.213804 -0.224125
0.211618 -0.218373
0.209385 -0.2127
0.207107 -0.207107
0.204785 -0.201593
0.202421 -0.19616
0.200017 -0.190806
0.197573 -0.185534
0.195093 -0.180342
0.192577 -0.175232
0.190027 -0.170202
0.187444 -0.165255
0.184831 -0.160388
0.182189 -0.155604
0.179519 -0.150901
0.176823 -0.14628
0.174102 -0.141741
0.171359 -0.137284
0.168594 -0.132909
0.16581 -0.128615
0.163008 -0.124404
0.160189 -0.120273
0.157355 -0.116225
0.154508 -0.112257
0.15165 -0.108371
0.148781 -0.104565
0.145903 -0.10084
0.143018 -0.0971951
0.140128 -0.0936305
0.137233 -0.0901455
0.134336 -0.0867399
0.131438 -0.0834133
0.128541 -0.0801652
0.125645 -0.0769953
0.122753 -0.0739031
0.119865 -0.0708881
0.116984 -0.0679498
0.114111 -0.0650877
0.111247 -0.0623012
0.108393 -0.0595897
0.105552 -0.0569527
0.102724 -0.0543895
0.0999108 -0.0518995
0.0971139 -0.049482
0.0943345 -0.0471363
0.091574 -0.0448617
0.0888338 -0.0426574
0.0861151 -0.0405227
0.0834191 -0.0384568
0.0807473 -0.0364588
0.0781009 -0.034528
0.0754811 -0.0326636
0.0728891 -0.0308645
0.0703261 -0.02913
0.0677934 -0.0274592
0.0652922 -0.025851
0.0628235 -0.0243046
0.0603885 -0.0228189
0.0579884 -0.021393
0.0556241 -0.0200259
0.053297 -0.0187166
0.0510079 -0.0174639
0.0487579 -0.0162669
0.046548 -0.0151244
0.0443793 -0.0140353
0.0422527 -0.0129986
0.0401692 -0.0120131
0.0381297 -0.0110777
0.0361352 -0.0101912
0.0341864 -0.00935234
0.0322843 -0.00856004
0.0304298 -0.00781305
0.0286237 -0.00711015
0.0268667 -0.00645011
0.0251596 -0.00583168
0.0235032 -0.0052536
0.0218983 -0.00471458
0.0203455 -0.00421335
0.0188455 -0.00374861
0.017399 -0.00331904
0.0160066 -0.00292333
0.0146689 -0.00256014
0.0133866 -0.00222814
0.0121601 -0.00192597
0.01099 -0.00165227
0.00987681 -0.00140568
0.00882104 -0.00118481
0.00782312 -0.00098829
0.0068835 -0.000814716
0.00600257 -0.00066269
0.00518074 -0.000530808
0.00441834 -0.000417656
0.00371571 -0.000321816
0.00307316 -0.000241863
0.00249097 -0.00017637
0.00196938 -0.000123903
0.00150862 -8.30244e-05
0.00110889 -5.22941e-05
0.000770369 -3.02679e-05
0.000493196 -1.54993e-05
0.000277493 -6.53948e-06
0.000123352 -1.93777e-06
3.08414e-05 -2.42233e-07
0 -0
