0 0
0.00245598 0.00033629
0.00491173 0.00067362
0.00736702 0.00101303
0.00982161 0.00135557
0.0122753 0.00170227
0.0147278 0.00205417
0.0171789 0.00241232
0.0196284 0.00277776
0.0220761 0.00315152
0.0245217 0.00353466
0.026965 0.0039282
0.0294057 0.00433319
0.0318437 0.00475068
0.0342786 0.0051817
0.0367104 0.00562729
0.0391386 0.0060885
0.0415632 0.00656636
0.0439838 0.00706192
0.0464003 0.00757621
0.0488124 0.00811029
0.0512199 0.00866518
0.0536225 0.00924193
0.05602 0.00984159
0.0584123 0.0104652
0.060799 0.0111138
0.0631799 0.0117884
0.0655548 0.01249
0.0679235 0.0132198
0.0702857 0.0139787
0.0726412 0.0147679
0.0749898 0.0155882
0.0773312 0.0164408
0.0796652 0.0173267
0.0819916 0.018247
0.0843102 0.0192027
0.0866206 0.0201948
0.0889228 0.0212244
0.0912164 0.0222924
0.0935012 0.0234001
0.095777 0.0245483
0.0980436 0.0257382
0.100301 0.0269708
0.102548 0.0282471
0.104786 0.0295681
0.107013 0.030935
0.10923 0.0323487
0.111436 0.0338103
0.113632 0.0353208
0.115816 0.0368812
0.117989 0.0384927
0.120151 0.0401562
0.1223 0.0418729
0.124438 0.0436436
0.126563 0.0454695
0.128676 0.0473517
0.130777 0.049291
0.132864 0.0512887
0.134938 0.0533457
0.136999 0.0554631
0.139046 0.0576419
0.141079 0.0598832
0.143099 0.062188
0.145104 0.0645573
0.147094 0.0669922
0.149069 0.0694937
0.15103 0.0720628
0.152975 0.0747007
0.154905 0.0774083
0.156819 0.0801867
0.158717 0.083037
0.160599 0.0859601
0.162465 0.0889571
0.164314 0.0920291
0.166146 0.095177
0.167961 0.098402
0.169759 0.101705
0.171539 0.105087
0.173302 0.10855
0.175046 0.112093
0.176772 0.115719
0.17848 0.119428
0.180169 0.123221
0.181839 0.1271
0.183489 0.131065
0.185121 0.135118
0.186733 0.139259
0.188324 0.143489
0.189896 0.14781
0.191448 0.152223
0.192979 0.156728
0.194489 0.161327
0.195978 0.166021
0.197446 0.170811
0.198892 0.175697
0.200317 0.180681
0.20172 0.185765
0.2031 0.190948
0.204459 0.196232
0.205794 0.201618
0.207107 0.207107
0.207107 0.207107
0.208396 0.2127
0.209661 0.218395
0.2109 0.224191
0.212112 0.230085
0.213296 0.236078
0.21445 0.242166
0.215573 0.248347
0.216663 0.254621
0.21772 0.260986
0.218742 0.26744
0.219727 0.27398
0.220675 0.280607
0.221583 0.287317
0.222451 0.294109
0.223278 0.300982
0.224061 0.307933
0.2248 0.314961
0.225493 0.322065
0.226139 0.329243
0.226737 0.336492
0.227285 0.343812
0.227782 0.3512
0.228227 0.358655
0.228618 0.366176
0.228953 0.37376
0.229233 0.381406
0.229455 0.389112
0.229618 0.396876
0.22972 0.404698
0.229761 0.412574
0.229739 0.420504
0.229653 0.428485
0.2295 0.436517
0.229281 0.444596
0.228994 0.452723
0.228636 0.460894
0.228208 0.469109
0.227708 0.477365
0.227134 0.485661
0.226485 0.493995
0.225759 0.502366
0.224956 0.510771
0.224074 0.51921
0.223112 0.52768
0.222068 0.53618
0.220941 0.544708
0.219729 0.553262
0.218433 0.561841
0.217049 0.570442
0.215577 0.579066
0.214015 0.587708
0.212362 0.596369
0.210617 0.605046
0.208779 0.613737
0.206845 0.622441
0.204815 0.631156
0.202688 0.639881
0.200461 0.648613
0.198135 0.657352
0.195707 0.666095
0.193176 0.674841
0.19054 0.683587
0.187799 0.692333
0.184951 0.701077
0.181995 0.709816
0.17893 0.71855
0.175753 0.727276
0.172464 0.735993
0.169062 0.744699
0.165545 0.753393
0.161911 0.762073
0.15816 0.770736
0.15429 0.779382
0.1503 0.788009
0.146188 0.796615
0.141953 0.805198
0.137595 0.813757
0.13311 0.82229
0.128499 0.830795
0.12376 0.83927
0.118891 0.847715
0.113891 0.856126
0.108759 0.864504
0.103493 0.872844
0.0980929 0.881148
0.0925563 0.889411
0.0868822 0.897633
0.0810693 0.905813
0.0751162 0.913947
0.0690216 0.922036
0.0627842 0.930076
0.0564025 0.938067
0.0498754 0.946006
0.0432015 0.953892
0.0363794 0.961724
0.0294078 0.969499
0.0222854 0.977215
0.0150109 0.984872
0.00758284 0.992468
1.12649e-16 1
-1.31622e-16 1
-0.00773842 1.00747
-0.0156309 1.01487
-0.0236755 1.0222
-0.0318701 1.02947
-0.0402127 1.03666
-0.0487013 1.04378
-0.0573337 1.05083
-0.0661081 1.05781
-0.0750222 1.06471
-0.0840742 1.07154
-0.0932619 1.07828
-0.102583 1.08495
-0.112037 1.09153
-0.121619 1.09804
-0.13133 1.10446
-0.141166 1.1108
-0.151125 1.11705
-0.161206 1.12321
-0.171407 1.12929
-0.181724 1.13527
-0.192158 1.14116
-0.202704 1.14697
-0.213362 1.15267
-0.224129 1.15829
-0.235004 1.1638
-0.245983 1.16922
-0.257066 1.17454
-0.26825 1.17976
-0.279533 1.18488
-0.290913 1.18989
-0.302388 1.1948
-0.313956 1.19961
-0.325614 1.20431
-0.337362 1.2089
-0.349197 1.21338
-0.361116 1.21775
-0.373118 1.22201
-0.385201 1.22615
-0.397363 1.23018
-0.409601 1.23409
-0.421914 1.23789
-0.434299 1.24157
-0.446755 1.24513
-0.45928 1.24856
-0.471871 1.25188
-0.484526 1.25507
-0.497244 1.25813
-0.510022 1.26107
-0.522859 1.26388
-0.535752 1.26657
-0.548699 1.26912
-0.561698 1.27154
-0.574747 1.27382
-0.587845 1.27598
-0.600988 1.27799
-0.614176 1.27987
-0.627406 1.28161
-0.640675 1.28322
-0.653983 1.28468
-0.667326 1.286
-0.680704 1.28717
-0.694113 1.2882
-0.707552 1.28909
-0.721018 1.28982
-0.734511 1.29041
-0.748027 1.29085
-0.761565 1.29114
-0.775122 1.29127
-0.788697 1.29125
-0.802287 1.29107
-0.815891 1.29074
-0.829506 1.29025
-0.843131 1.2896
-0.856763 1.28879
-0.8704 1.28782
-0.884041 1.28669
-0.897683 1.28539
-0.911324 1.28392
-0.924963 1.28229
-0.938596 1.28049
-0.952223 1.27852
-0.96584 1.27638
-0.979447 1.27407
-0.993041 1.27158
-1.00662 1.26892
-1.02018 1.26608
-1.03372 1.26307
-1.04724 1.25987
-1.06074 1.2565
-1.07422 1.25294
-1.08766 1.2492
-1.10108 1.24528
-1.11446 1.24117
-1.12781 1.23687
-1.14113 1.23239
-1.15441 1.22772
-1.16765 1.22285
-1.18084 1.2178
-1.194 1.21255
-1.20711 1.20711
-1.20711 1.20711
-1.22017 1.20147
-1.23318 1.19564
-1.24614 1.18961
-1.25905 1.1834
-1.2719 1.17699
-1.2847 1.17041
-1.29744 1.16363
-1.31012 1.15668
-1.32274 1.14954
-1.33529 1.14223
-1.34779 1.13474
-1.36021 1.12707
-1.37257 1.11924
-1.38486 1.11123
-1.39708 1.10306
-1.40923 1.09471
-1.4213 1.08621
-1.4333 1.07754
-1.44521 1.06871
-1.45705 1.05972
-1.46881 1.05057
-1.48049 1.04127
-1.49208 1.03182
-1.50358 1.02222
-1.515 1.01246
-1.52633 1.00257
-1.53757 0.992521
-1.54871 0.982333
-1.55976 0.972005
-1.57072 0.961537
-1.58158 0.950932
-1.59233 0.940192
-1.60299 0.929319
-1.61355 0.918315
-1.624 0.907181
-1.63434 0.89592
-1.64458 0.884534
-1.65471 0.873024
-1.66472 0.861393
-1.67463 0.849642
-1.68442 0.837774
-1.69409 0.82579
-1.70365 0.813692
-1.71309 0.801483
-1.7224 0.789164
-1.7316 0.776738
-1.74067 0.764205
-1.74961 0.751569
-1.75843 0.738831
-1.76711 0.725993
-1.77567 0.713057
-1.78409 0.700025
-1.79238 0.686899
-1.80054 0.673681
-1.80855 0.660372
-1.81643 0.646976
-1.82417 0.633494
-1.83176 0.619927
-1.83921 0.606278
-1.84652 0.592548
-1.85367 0.578741
-1.86068 0.564856
-1.86754 0.550898
-1.87424 0.536867
-1.88079 0.522765
-1.88718 0.508595
-1.89342 0.494358
-1.8995 0.480057
-1.90542 0.465693
-1.91117 0.451268
-1.91676 0.436784
-1.92218 0.422244
-1.92744 0.407649
-1.93253 0.393
-1.93745 0.378301
-1.94219 0.363553
-1.94676 0.348758
-1.95116 0.333918
-1.95537 0.319035
-1.95941 0.30411
-1.96327 0.289147
-1.96694 0.274146
-1.97043 0.25911
-1.97374 0.24404
-1.97686 0.22894
-1.97979 0.21381
-1.98252 0.198652
-1.98507 0.183469
-1.98742 0.168263
-1.98958 0.153035
-1.99153 0.137787
-1.99329 0.122522
-1.99485 0.107241
-1.99621 0.0919462
-1.99736 0.0766398
-1.99831 0.0613236
-1.99904 0.0459995
-1.99957 0.0306696
-1.99989 0.0153358
-2 -9.00321e-16
-2 -8.95117e-16
-1.99989 -0.0153358
-1.99957 -0.0306696
-1.99904 -0.0459995
-1.99831 -0.0613236
-1.99736 -0.0766398
-1.99621 -0.0919462
-1.99485 -0.107241
-1.99329 -0.122522
-1.99153 -0.137787
-1.98958 -0.153035
-1.98742 -0.168263
-1.98507 -0.183469
-1.98252 -0.198652
-1.97979 -0.21381
-1.97686 -0.22894
-1.97374 -0.24404
-1.97043 -0.25911
-1.96694 -0.274146
-1.96327 -0.289147
-1.95941 -0.30411
-1.95537 -0.319035
-1.95116 -0.333918
-1.94676 -0.348758
-1.94219 -0.363553
-1.93745 -0.378301
-1.93253 -0.393
-1.92744 -0.407649
-1.92218 -0.422244
-1.91676 -0.436784
-1.91117 -0.451268
-1.90542 -0.465693
-1.8995 -0.480057
-1.89342 -0.494358
-1.88718 -0.508595
-1.88079 -0.522765
-1.87424 -0.536867
-1.86754 -0.550898
-1.86068 -0.564856
-1.85367 -0.578741
-1.84652 -0.592548
-1.83921 -0.606278
-1.83176 -0.619927
-1.82417 -0.633494
-1.81643 -0.646976
-1.80855 -0.660372
-1.80054 -0.673681
-1.79238 -0.686899
-1.78409 -0.700025
-1.77567 -0.713057
-1.76711 -0.725993
-1.75843 -0.738831
-1.74961 -0.751569
-1.74067 -0.764205
-1.7316 -0.776738
-1.7224 -0.789164
-1.71309 -0.801483
-1.70365 -0.813692
-1.69409 -0.82579
-1.68442 -0.837774
-1.67463 -0.849642
-1.66472 -0.861393
-1.65471 -0.873024
-1.64458 -0.884534
-1.63434 -0.89592
-1.624 -0.907181
-1.61355 -0.918315
-1.60299 -0.929319
-1.59233 -0.940192
-1.58158 -0.950932
-1.57072 -0.961537
-1.55976 -0.972005
-1.54871 -0.982333
-1.53757 -0.992521
-1.52633 -1.00257
-1.515 -1.01246
-1.50358 -1.02222
-1.49208 -1.03182
-1.48049 -1.04127
-1.46881 -1.05057
-1.45705 -1.05972
-1.44521 -1.06871
-1.4333 -1.07754
-1.4213 -1.08621
-1.40923 -1.09471
-1.39708 -1.10306
-1.38486 -1.11123
-1.37257 -1.11924
-1.36021 -1.12707
-1.34779 -1.13474
-1.33529 -1.14223
-1.32274 -1.14954
-1.31012 -1.15668
-1.29744 -1.16363
-1.2847 -1.17041
-1.2719 -1.17699
-1.25905 -1.1834
-1.24614 -1.18961
-1.23318 -1.19564
-1.22017 -1.20147
-1.20711 -1.20711
-1.20711 -1.20711
-1.194 -1.21255
-1.18084 -1.2178
-1.16765 -1.22285
-1.15441 -1.22772
-1.14113 -1.23239
-1.12781 -1.23687
-1.11446 -1.24117
-1.10108 -1.24528
-1.08766 -1.2492
-1.07422 -1.25294
-1.06074 -1.2565
-1.04724 -1.25987
-1.03372 -1.26307
-1.02018 -1.26608
-1.00662 -1.26892
-0.993041 -1.27158
-0.979447 -1.27407
-0.96584 -1.27638
-0.952223 -1.27852
-0.938596 -1.28049
-0.924963 -1.28229
-0.911324 -1.28392
-0.897683 -1.28539
-0.884041 -1.28669
-0.8704 -1.28782
-0.856763 -1.28879
-0.843131 -1.2896
-0.829506 -1.29025
-0.815891 -1.29074
-0.802287 -1.29107
-0.788697 -1.29125
-0.775122 -1.29127
-0.761565 -1.29114
-0.748027 -1.29085
-0.734511 -1.29041
-0.721018 -1.28982
-0.707552 -1.28909
-0.694113 -1.2882
-0.680704 -1.28717
-0.667326 -1.286
-0.653983 -1.28468
-0.640675 -1.28322
-0.627406 -1.28161
-0.614176 -1.27987
-0.600988 -1.27799
-0.587845 -1.27598
-0.574747 -1.27382
-0.561698 -1.27154
-0.548699 -1.26912
-0.535752 -1.26657
-0.522859 -1.26388
-0.510022 -1.26107
-0.497244 -1.25813
-0.484526 -1.25507
-0.471871 -1.25188
-0.45928 -1.24856
-0.446755 -1.24513
-0.434299 -1.24157
-0.421914 -1.23789
-0.409601 -1.23409
-0.397363 -1.23018
-0.385201 -1.22615
-0.373118 -1.22201
-0.361116 -1.21775
-0.349197 -1.21338
-0.337362 -1.2089
-0.325614 -1.20431
-0.313956 -1.19961
-0.302388 -1.1948
-0.290913 -1.18989
-0.279533 -1.18488
-0.26825 -1.17976
-0.257066 -1.17454
-0.245983 -1.16922
-0.235004 -1.1638
-0.224129 -1.15829
-0.213362 -1.15267
-0.202704 -1.14697
-0.192158 -1.14116
-0.181724 -1.13527
-0.171407 -1.12929
-0.161206 -1.12321
-0.151125 -1.11705
-0.141166 -1.1108
-0.13133 -1.10446
-0.121619 -1.09804
-0.112037 -1.09153
-0.102583 -1.08495
-0.0932619 -1.07828
-0.0840742 -1.07154
-0.0750222 -1.06471
-0.0661081 -1.05781
-0.0573337 -1.05083
-0.0487013 -1.04378
-0.0402127 -1.03666
-0.0318701 -1.02947
-0.0236755 -1.0222
-0.0156309 -1.01487
-0.00773842 -1.00747
8.90954e-15 -1
-8.64933e-15 -1
0.00758284 -0.992468
0.0150109 -0.984872
0.0222854 -0.977215
0.0294078 -0.969499
0.0363794 -0.961724
0.0432015 -0.953892
0.0498754 -0.946006
0.0564025 -0.938067
0.0627842 -0.930076
0.0690216 -0.922036
0.0751162 -0.913947
0.0810693 -0.905813
0.0868822 -0.897633
0.0925563 -0.889411
0.0980929 -0.881148
0.103493 -0.872844
0.108759 -0.864504
0.113891 -0.856126
0.118891 -0.847715
0.12376 -0.83927
0.128499 -0.830795
0.13311 -0.82229
0.137595 -0.813757
0.141953 -0.805198
0.146188 -0.796615
0.1503 -0.788009
0.15429 -0.779382
0.15816 -0.770736
0.161911 -0.762073
0.165545 -0.753393
0.169062 -0.744699
0.172464 -0.735993
0.175753 -0.727276
0.17893 -0.71855
0.181995 -0.709816
0.184951 -0.701077
0.187799 -0.692333
0.19054 -0.683587
0.193176 -0.674841
0.195707 -0.666095
0.198135 -0.657352
0.200461 -0.648613
0.202688 -0.639881
0.204815 -0.631156
0.206845 -0.622441
0.208779 -0.613737
0.210617 -0.605046
0.212362 -0.596369
0.214015 -0.587708
0.215577 -0.579066
0.217049 -0.570442
0.218433 -0.561841
0.219729 -0.553262
0.220941 -0.544708
0.222068 -0.53618
0.223112 -0.52768
0.224074 -0.51921
0.224956 -0.510771
0.225759 -0.502366
0.226485 -0.493995
0.227134 -0.485661
0.227708 -0.477365
0.228208 -0.469109
0.228636 -0.460894
0.228994 -0.452723
0.229281 -0.444596
0.2295 -0.436517
0.229653 -0.428485
0.229739 -0.420504
0.229761 -0.412574
0.22972 -0.404698
0.229618 -0.396876
0.229455 -0.389112
0.229233 -0.381406
0.228953 -0.37376
0.228618 -0.366176
0.228227 -0.358655
0.227782 -0.3512
0.227285 -0.343812
0.226737 -0.336492
0.226139 -0.329243
0.225493 -0.322065
0.2248 -0.314961
0.224061 -0.307933
0.223278 -0.300982
0.222451 -0.294109
0.221583 -0.287317
0.220675 -0.280607
0.219727 -0.27398
0.218742 -0.26744
0.21772 -0.260986
0.216663 -0.254621
0.215573 -0.248347
0.21445 -0.242166
0.213296 -0.236078
0.212112 -0.230085
0.2109 -0.224191
0.209661 -0.218395
0.208396 -0.2127
0.207107 -0.207107
0.207107 -0.207107
0.205794 -0.201618
0.204459 -0.196232
0.2031 -0.190948
0.20172 -0.185765
0.200317 -0.180681
0.198892 -0.175697
0.197446 -0.170811
0.195978 -0.166021
0.194489 -0.161327
0.192979 -0.156728
0.191448 -0.152223
0.189896 -0.14781
0.188324 -0.143489
0.186733 -0.139259
0.185121 -0.135118
0.183489 -0.131065
0.181839 -0.1271
0.180169 -0.123221
0.17848 -0.119428
0.176772 -0.115719
0.175046 -0.112093
0.173302 -0.10855
0.171539 -0.105087
0.169759 -0.101705
0.167961 -0.098402
0.166146 -0.095177
0.164314 -0.0920291
0.162465 -0.0889571
0.160599 -0.0859601
0.158717 -0.083037
0.156819 -0.0801867
0.154905 -0.0774083
0.152975 -0.0747007
0.15103 -0.0720628
0.149069 -0.0694937
0.147094 -0.0669922
0.145104 -0.0645573
0.143099 -0.062188
0.141079 -0.0598832
0.139046 -0.0576419
0.136999 -0.0554631
0.134938 -0.0533457
0.132864 -0.0512887
0.130777 -0.049291
0.128676 -0.0473517
0.126563 -0.0454695
0.124438 -0.0436436
0.1223 -0.0418729
0.120151 -0.0401562
0.117989 -0.0384927
0.115816 -0.0368812
0.113632 -0.0353208
0.111436 -0.0338103
0.10923 -0.0323487
0.107013 -0.030935
0.104786 -0.0295681
0.102548 -0.0282471
0.100301 -0.0269708
0.0980436 -0.0257382
0.095777 -0.0245483
0.0935012 -0.0234001
0.0912164 -0.0222924
0.0889228 -0.0212244
0.0866206 -0.0201948
0.0843102 -0.0192027
0.0819916 -0.018247
0.0796652 -0.0173267
0.0773312 -0.0164408
0.0749898 -0.0155882
0.0726412 -0.0147679
0.0702857 -0.0139787
0.0679235 -0.0132198
0.0655548 -0.01249
0.0631799 -0.0117884
0.060799 -0.0111138
0.0584123 -0.0104652
0.05602 -0.00984159
0.0536225 -0.00924193
0.0512199 -0.00866518
0.0488124 -0.00811029
0.0464003 -0.00757621
0.0439838 -0.00706192
0.0415632 -0.00656636
0.0391386 -0.0060885
0.0367104 -0.00562729
0.0342786 -0.0051817
0.0318437 -0.00475068
0.0294057 -0.00433319
0.026965 -0.0039282
0.0245217 -0.00353466
0.0220761 -0.00315152
0.0196284 -0.00277776
0.0171789 -0.00241232
0.0147278 -0.00205417
0.0122753 -0.00170227
0.00982161 -0.00135557
0.00736702 -0.00101303
0.00491173 -0.00067362
0.00245598 -0.00033629
-1.07206e-15 -4.85723e-15
