1 0.000199316
2 0.000101389
3 8.50037e-05
4 6.78339e-05
5 2.62792e-05
6 5.74539e-05
7 2.35291e-05
8 2.93841e-05
9 1.59116e-05
10 7.3779e-06
11 2.05832e-05
12 2.21293e-05
13 1.9466e-05
14 2.8217e-05
15 2.00401e-05
16 2.68509e-05
17 2.49305e-05
18 0
19 0
20 2.05339e-05
21 0
22 0
23 0
24 2.39601e-05
25 0
26 0
27 0
28 0
29 0
30 2.99491e-05
31 0
32 0
33 0
34 0
35 4.11692e-05
36 0
37 0
38 0
39 0
40 0
41 0
42 0
43 0
44 0
45 0
46 0
47 0
48 0
49 0
50 0
51 5.85307e-05
52 0
53 0
54 0
55 0
56 0
57 0
58 0
59 0
60 0
61 0
62 0
63 6.42632e-05
64 0
65 0
66 0
67 0
68 0
69 0
70 0
71 0
72 0
73 0
74 0
75 0
76 8.22369e-05
77 0
78 0
79 0
80 0
81 0
82 0
83 0
84 0
85 0
86 0
87 0
88 0
89 0
90 0
91 0
92 0
93 0
94 0
95 0
96 0
97 0
98 0
99 0
100 0
101 0
102 0.000122549
103 0
104 0
105 0
106 0
107 0
108 0
109 0
110 0
111 0
112 0
113 0
114 0
115 0
116 0
117 0
118 0
119 0
120 0
121 0
122 0
123 0
124 0
125 0
126 0
127 0
128 0
129 0.00775194
130 0.0127219
131 0.0139709
132 0.0205387
133 0.0229741
134 0.0282629
135 0.0259259
136 0.0258715
137 0.0316302
138 0.0292697
139 0.0335731
140 0.0328903
141 0.0364281
142 0.0348911
143 0.0405594
144 0.0364924
145 0.0392242
146 0.0366531
147 0.0421769
148 0.0452004
149 0.041058
150 0.0403604
151 0.0452223
152 0.0421827
153 0.0474275
154 0.043956
155 0.0446451
156 0.0439561
157 0.0449606
158 0.048715
159 0.0513988
160 0.0525
161 0.0500345
162 0.047619
163 0.0465235
164 0.0580873
165 0.0560606
166 0.0512048
167 0.0621833
168 0.057398
169 0.049926
170 0.0549019
171 0.0535313
172 0.051282
173 0.0531792
174 0.0502874
175 0.0514285
176 0.0613637
177 0.0594882
178 0.0561798
179 0.0648045
180 0.0573477
181 0.0541437
182 0.0584899
183 0.0551913
184 0.0591305
185 0.0615385
186 0.0581623
187 0.0549733
188 0.0581015
189 0.0651341
190 0.0623482
191 0.0615183
192 0.0598958
193 0.0533374
194 0.0654639
195 0.0658777
196 0.0630798
197 0.0531891
198 0.0689504
199 0.0596734
200 0.0615
201 0.061615
202 0.0693069
203 0.0576355
204 0.0595238
205 0.0557491
206 0.058657
207 0.0693582
208 0.0652472
209 0.0576977
210 0.0603175
211 0.0604963
212 0.0737029
213 0.0581437
214 0.0646079
215 0.0599483
216 0.0559765
217 0.0513496
218 0.0658391
219 0.0652316
220 0.065
221 0.0657849
222 0.0669241
223 0.0571749
224 0.0607143
225 0.0637037
226 0.0769231
227 0.0560101
228 0.0709729
229 0.0576003
230 0.0769231
231 0.0634921
232 0.0614224
233 0.0659871
234 0.0641026
235 0.0651064
236 0.0633751
237 0.0742119
238 0.064304
239 0.0588235
240 0.0704166
241 0.0634262
242 0.0642085
243 0.0658436
244 0.0648907
245 0.0699708
246 0.0640244
247 0.0706945
248 0.0601737
249 0.0863454
250 0.0658824
251 0.0670651
252 0.0597128
253 0.0542067
254 0.0654786
255 0.0740196
256 0.0604441
257 0.0674448
258 0.0631783
259 0.0723061
260 0.0635897
261 0.0668369
262 0.0714781
263 0.0449937
264 0.0681818
265 0.0704403
266 0.0613376
267 0.062422
268 0.0621891
269 0.0677724
270 0.0769231
271 0.0743278
272 0.0522059
273 0.0714286
274 0.0561131
275 0.0739394
276 0.070911
277 0.078219
278 0.0666666
279 0.0704899
280 0.069898
281 0.0704626
282 0.07608
283 0.0622791
284 0.0739436
285 0.0718129
286 0.0616656
287 0.0714286
288 0.074495
289 0.0767352
290 0.0758621
291 0.0808705
292 0.0787671
293 0.0691902
294 0.0767736
295 0.0644068
296 0.083977
297 0.0692106
298 0.0711409
299 0.0735786
300 0.084
301 0.0897011
302 0.0834437
303 0.0825083
304 0.0687134
305 0.0950818
306 0.08061
307 0.0635179
308 0.0753247
309 0.0632539
310 0.08739
311 0.0927529
312 0.0927022
313 0.0894569
314 0.0884642
315 0.070194
316 0.0696202
317 0.0820189
318 0.0932913
319 0.07666
320 0.0770833
321 0.0841122
322 0.0983436
323 0.0621259
324 0.0740741
325 0.0855385
326 0.0674846
327 0.0750412
328 0.0986696
329 0.0908477
330 0.06532
331 0.0800604
332 0.0647591
333 0.0945945
334 0.0858284
335 0.0845772
336 0.0702381
337 0.0850642
338 0.0919849
339 0.0678466
340 0.0882353
341 0.0791789
342 0.094217
343 0.0920451
344 0.0714285
345 0.0942028
346 0.0886319
347 0.0739673
348 0.0919539
349 0.0773639
350 0.104286
351 0.083139
352 0.0909092
353 0.0870093
354 0.0649717
355 0.0830986
356 0.0831462
357 0.0812324
358 0.0964618
359 0.0662952
360 0.111111
361 0.0725762
362 0.0812944
363 0.0924117
364 0.0791209
365 0.09863
366 0.0754098
367 0.0790191
368 0.0748793
369 0.0754936
370 0.0702703
371 0.090419
372 0.0766129
373 0.090855
374 0.0935829
375 0.0986667
376 0.0984042
377 0.066313
378 0.0934744
379 0.0802865
380 0.0754386
381 0.0821148
382 0.087958
383 0.0847377
384 0.101326
385 0.0774027
386 0.0715026
387 0.114556
388 0.0850515
389 0.0766067
390 0.105641
391 0.0831202
392 0.0986395
393 0.0941475
394 0.104061
395 0.102785
396 0.105339
397 0.0680101
398 0.0887772
399 0.0648049
400 0.108333
401 0.100997
402 0.0945274
403 0.0951201
404 0.0940594
405 0.0864197
406 0.0957854
407 0.0747631
408 0.0947713
409 0.105134
410 0.0790243
411 0.080292
412 0.090615
413 0.090799
414 0.0945479
415 0.0682731
416 0.0913461
417 0.0736554
418 0.0840737
419 0.0835321
420 0.100433
421 0.0847191
422 0.0888625
423 0.117415
424 0.0990567
425 0.0901961
426 0.0938966
427 0.106948
428 0.0957945
429 0.095571
430 0.0883721
431 0.102088
432 0.0833333
433 0.0841307
434 0.116743
435 0.0888192
436 0.0982961
437 0.0974828
438 0.0958906
439 0.107062
440 0.0818183
441 0.111111
442 0.08468
443 0.0862303
444 0.09009
445 0.0876405
446 0.0986547
447 0.102908
448 0.0964285
449 0.0913139
450 0.0755555
451 0.0953437
452 0.0796459
453 0.0917692
454 0.101322
455 0.0945057
456 0.118421
457 0.100656
458 0.114993
459 0.0867101
460 0.130434
461 0.088937
462 0.0822511
463 0.12743
464 0.097701
465 0.139785
466 0.0832618
467 0.088651
468 0.116809
469 0.108742
470 0.093617
471 0.113942
472 0.0508475
473 0.110359
474 0.101266
475 0.107368
476 0.107376
477 0.103923
478 0.104603
479 0.0981211
480 0.121429
481 0.0985446
482 0.0970953
483 0.10559
484 0.111111
485 0.12813
486 0.127572
487 0.126078
488 0.110656
489 0.106339
490 0.107483
491 0.124236
492 0.102981
493 0.0939823
494 0.122267
495 0.111111
496 0.120968
497 0.0771294
498 0.113253
499 0.107549
500 0.0944
501 0.0898202
502 0.0948207
503 0.0457256
504 0.10582
505 0.0970295
506 0.13834
507 0.108481
508 0.0971127
509 0.0844794
510 0.101401
511 0.138943
512 0.1375
513 0.0955166
514 0.128405
516 0.0852713
517 0.123146
518 0.116602
519 0.0782274
520 0.126154
521 0.113244
522 0.11622
523 0.112811
524 0.104326
525 0.078095
526 0.110267
527 0.104364
528 0.0871213
529 0.122873
530 0.103774
531 0.1086
532 0.142857
533 0.129456
534 0.116105
535 0.110281
536 0.126866
537 0.13594
538 0.137546
539 0.0797775
540 0.101235
541 0.102896
542 0.0922508
543 0.111111
544 0.132353
545 0.0605505
546 0.0866911
547 0.122486
548 0.114355
549 0.118397
550 0.107879
551 0.114338
552 0.0966184
553 0.110308
554 0.0998795
555 0.113513
556 0.136691
557 0.116696
558 0.0967742
559 0.119857
560 0.117143
561 0.115864
562 0.113879
563 0.104796
564 0.118991
565 0.136283
566 0.10106
567 0.13933
568 0.105634
569 0.142355
570 0.115789
571 0.0753065
572 0.164335
573 0.0971493
574 0.12892
575 0.0863767
576 0.12963
577 0.112652
578 0.0934257
579 0.134139
580 0.0896552
581 0.125646
582 0.10882
583 0.125704
584 0.13242
585 0.135043
586 0.112628
587 0.141397
588 0.146259
589 0.151103
590 0.159322
591 0.124648
592 0.148649
593 0.136594
594 0.10303
595 0.0991597
596 0.145414
597 0.155779
598 0.150502
599 0.131887
600 0.12
601 0.121464
602 0.105205
603 0.1288
604 0.0728477
605 0.136088
606 0.155116
607 0.136738
608 0.118421
609 0.106732
610 0.134426
611 0.109656
612 0.117647
613 0.112561
614 0.140065
615 0.154471
616 0.151515
617 0.123501
618 0.145631
619 0.086699
620 0.0967742
621 0.115405
622 0.125402
623 0.126806
624 0.128205
625 0.104
626 0.115655
627 0.132376
628 0.167728
629 0.109698
630 0.136508
631 0.137876
632 0.0886076
633 0.146017
634 0.167192
635 0.193701
636 0.144654
637 0.13882
638 0.128527
639 0.111111
640 0.0625
641 0.151326
642 0.115265
643 0.153966
644 0.146998
646 0.108359
647 0.122102
648 0.154321
649 0.100154
650 0.138462
651 0.131593
652 0.116564
653 0.126085
654 0.143731
655 0.126718
656 0.131707
657 0.123288
658 0.148936
660 0.139394
661 0.20121
662 0.141994
663 0.143288
664 0.0843374
665 0.0977445
666 0.148863
667 0.124438
668 0.153693
669 0.115097
670 0.0686567
671 0.117735
672 0.125
673 0.10847
674 0.121662
675 0.146667
676 0.0887572
677 0.125554
678 0.126844
680 0.160784
682 0.116325
683 0.117619
684 0.134503
685 0.135767
686 0.090379
687 0.138282
688 0.127907
690 0.11884
691 0.18958
692 0.0982657
693 0.134199
694 0.0893374
696 0.0919539
698 0.12894
699 0.153076
700 0.149715
701 0.132668
702 0.225071
703 0.135135
704 0.136364
706 0.143343
707 0.140028
708 0.141243
709 0.0973202
710 0.256338
711 0.122363
712 0.0786519
714 0.130532
715 0.138461
716 0.106145
717 0.11855
718 0.130919
719 0.109875
722 0.0858726
723 0.136929
724 0.167588
726 0.129476
727 0.11967
728 0.120879
729 0.122085
730 0.123288
731 0.151847
732 0.153006
733 0.159618
734 0.171662
735 0.140136
736 0.130435
737 0.126187
739 0.155616
741 0.136302
742 0.123091
743 0.117093
744 0.182796
745 0.123759
746 0.131367
747 0.121821
748 0.165775
750 0.1296
751 0.17976
752 0.0638298
753 0.166002
755 0.215894
756 0.148148
757 0.154557
758 0.197889
759 0.177866
760 0.136842
761 0.159001
762 0.160105
763 0.119266
764 0.162304
765 0.159216
766 0.151958
767 0.137766
768 0.15625
769 0.188557
770 0.137662
771 0.14224
772 0.143351
773 0.144459
774 0.173127
775 0.153548
777 0.196911
778 0.136247
779 0.123663
780 0.165812
781 0.139565
783 0.100894
784 0.129252
785 0.194904
786 0.185751
788 0.187817
789 0.161808
790 0.145316
791 0.150442
792 0.151515
793 0.203026
794 0.234257
795 0.154717
796 0.155779
798 0.218045
799 0.145599
800 0.153333
801 0.121099
802 0.157107
803 0.163138
804 0.150912
805 0.151967
808 0.128713
809 0.189122
810 0.130864
811 0.23058
813 0.222632
814 0.213759
817 0.216646
819 0.179487
820 0.219512
821 0.181486
822 0.124088
823 0.131632
824 0.216828
825 0.185455
826 0.176756
827 0.168077
828 0.188406
829 0.189385
830 0.203213
831 0.152828
832 0.25
