-1 0.0384615
-0.95 -39.9524
-0.9 0.0470588
-0.85 3.45496
-0.8 0.0588235
-0.75 -0.447052
-0.7 0.0754717
-0.65 0.202423
-0.6 0.1
-0.55 0.08066
-0.5 0.137931
-0.45 0.179763
-0.4 0.2
-0.35 0.238446
-0.3 0.307692
-0.25 0.395093
-0.2 0.5
-0.15 0.636755
-0.1 0.8
-0.05 0.94249
0 1
0.05 0.94249
0.1 0.8
0.15 0.636755
0.2 0.5
0.25 0.395093
0.3 0.307692
0.35 0.238446
0.4 0.2
0.45 0.179763
0.5 0.137931
0.55 0.08066
0.6 0.1
0.65 0.202423
0.7 0.0754717
0.75 -0.447052
0.8 0.0588235
0.85 3.45496
0.9 0.0470588
0.95 -39.9524
1 0.0384615
