-1 0.0384615
-0.95 0.0427602
-0.9 0.0470588
-0.85 0.0523707
-0.8 0.0588235
-0.75 0.0664103
-0.7 0.0754717
-0.65 0.0864693
-0.6 0.1
-0.55 0.116788
-0.5 0.137931
-0.45 0.164864
-0.4 0.2
-0.35 0.246268
-0.3 0.307692
-0.25 0.38942
-0.2 0.5
-0.15 0.643169
-0.1 0.8
-0.05 0.938866
0 1
0.05 0.938866
0.1 0.8
0.15 0.643169
0.2 0.5
0.25 0.38942
0.3 0.307692
0.35 0.246268
0.4 0.2
0.45 0.164864
0.5 0.137931
0.55 0.116788
0.6 0.1
0.65 0.0864693
0.7 0.0754717
0.75 0.0664103
0.8 0.0588235
0.85 0.0523707
0.9 0.0470588
0.95 0.0427602

