0.0005 -566.702
0.0305 -11.619
0.0605 -6.88596
0.0905 -5.18854
0.1205 -4.25531
0.1505 -3.62558
0.1805 -3.14451
0.2105 -2.74518
0.2405 -2.39361
0.2705 -2.07051
0.3005 -1.76378
0.3305 -1.46524
0.3605 -1.16882
0.3905 -0.869659
0.4205 -0.563526
0.4505 -0.246395
0.4805 0.0858444
0.5105 0.437677
0.5405 0.814262
0.5705 1.2218
0.6005 1.66802
0.6305 2.16288
0.6605 2.71961
0.6905 3.35634
0.7205 4.09874
0.7505 4.98465
0.7805 6.07234
0.8105 7.45672
0.8405 9.30385
0.8705 11.9333
0.9005 16.0495
0.9305 23.5726
0.9605 42.2546
0.9905 177.761
1.0205 -82.7701
1.0505 -33.517
1.0805 -20.8136
1.1105 -14.8839
1.1405 -11.3824
1.1705 -9.02136
1.2005 -7.28299
1.2305 -5.9183
1.2605 -4.7922
1.2905 -3.82449
1.3205 -2.96408
1.3505 -2.17626
1.3805 -1.43604
1.4105 -0.724315
1.4405 -0.0254985
1.4705 0.674035
1.5005 1.3871
1.5305 2.12668
1.5605 2.90684
1.5905 3.74379
1.6205 4.65727
1.6505 5.67244
1.6805 6.82271
1.7105 8.15435
1.7405 9.73405
1.7705 11.6625
1.8005 14.1002
1.8305 17.3204
1.8605 21.8305
1.8905 28.6928
1.9205 40.5724
1.9505 66.5928
1.9805 172.018
2.0105 -323.756
2.0405 -84.7262
2.0705 -48.9363
2.1005 -34.377
2.1305 -26.403
2.1605 -21.3182
2.1905 -17.7543
2.2205 -15.0869
2.2505 -12.9901
2.2805 -11.277
2.3105 -9.83205
2.3405 -8.57987
2.3705 -7.46858
2.4005 -6.46095
2.4305 -5.52904
2.4605 -4.65091
2.4905 -3.80844
2.5205 -2.98576
2.5505 -2.1681
2.5805 -1.34064
2.6105 -0.487444
2.6405 0.409873
2.6705 1.37397
2.7005 2.43445
2.7305 3.63224
2.7605 5.02701
2.7905 6.71102
2.8205 8.83661
2.8505 11.6768
2.8805 15.7773
2.9105 22.4129
2.9405 35.4277
2.9705 74.2975
3.0005 -4515.42
